s   cosine
knn	0	10	30	50	70	90	110	130	150	170	190	210	230	250	270	290
1	3.540	0.965	3.394	4.257	4.513	4.670	4.776	4.725	4.676	4.541	4.418	4.297	4.132	3.936	3.768	3.591
4	62.68	48.68	62.68	65.88	67.34	68.22	68.80	68.22	70.55	69.67	70.55	68.22	67.34	67.93	66.47	68.22
8	-1	-1	-1	-1	-1	-1	-1	-1	-1	-1	-1	-1	-1	-1	-1	-1
16	-1	-1	-1	-1	-1	-1	-1	-1	-1	-1	-1	-1	-1	-1	-1	-1

s   euclidean
knn	0	10	30	50	70	90	110	130	150	170	190	210	230	250	270	290
1	2.994	1.088	3.079	3.722	3.909	3.930	3.944	3.906	3.777	3.670	3.522	3.343	3.232	3.060	2.899	2.700
4	55.97	48.10	60.34	63.26	63.55	62.39	60.64	58.30	55.68	54.51	53.93	53.06	51.02	49.85	48.68	45.18
8	-1	-1	-1	-1	-1	-1	-1	-1	-1	-1	-1	-1	-1	-1	-1	-1
16	-1	-1	-1	-1	-1	-1	-1	-1	-1	-1	-1	-1	-1	-1	-1	-1

l   cosine
knn	0	10	30	50	70	90	110	130	150	170	190	210	230	250	270	290
1	21.84	9.533	18.39	20.86	21.94	22.70	22.99	-2	23.20	23.25	23.20	-2	23.01	-2	22.71	-2
4	65.90	55.76	61.92	64.14	-2	65.87	66.36	66.35	-2	66.80	66.74	66.84	66.73	66.53	66.56	66.40
8	82.03	-2	-2	81.40	81.84	82.08	82.17	82.26	82.29	82.44	82.46	-2	82.50	-2	82.40	82.29
16	92.88	92.31	92.59	92.70	92.85	92.92	92.88	92.92	92.92	92.91	92.91	92.93	92.89	92.85	-2	92.82

l   euclidean
knn	0	10	30	50	70	90	110	130	150	170	190	210	230	250	270	290
1	19.32	9.828	17.53	19.33	20.00	20.20	20.21	-2	20.00	19.81	19.61	19.37	19.03	18.75	18.47	-2
4	62.96	-2	61.64	63.60	64.34	64.52	64.79	64.67	64.61	64.44	64.36	64.01	63.67	63.56	63.22	62.47
8	81.13	79.24	80.43	-2	81.46	81.58	81.74	81.62	81.55	81.42	81.23	81.14	81.00	80.84	-2	80.50
16	92.46	92.32	92.55	92.59	92.63	92.61	92.59	92.55	92.53	92.50	92.43	92.40	92.36	92.33	92.32	92.31

